Number of tests passed = 14

			 1 | 0 | 1 | 1 | 0 | 16 | 11 | 18 | 24 | 0 | 0 | 0 | 1 | 1 | 1 | 1 | 1 | 1 | 1 | 1 |

	 Number of tests passed = 14

			 1 | 0 | 1 | 1 | 0 | 17 | 13 | 17 | 24 | 0 | 0 | 0 | 1 | 1 | 1 | 0 | 1 | 1 | 1 | 1 |

	 Number of tests passed = 14

			 1 | 0 | 1 | 1 | 0 | 15 | 11 | 20 | 23 | 0 | 0 | 0 | 1 | 1 | 1 | 1 | 1 | 1 | 1 | 1 |

	 Number of tests passed = 14

			 1 | 0 | 1 | 1 | 0 | 15 | 12 | 15 | 23 | 0 | 0 | 0 | 1 | 1 | 1 | 0 | 1 | 1 | 1 | 1 |

	 Number of tests passed = 15

			 1 | 0 | 1 | 1 | 0 | 13 | 12 | 17 | 23 | 0 | 0 | 0 | 1 | 1 | 1 | 1 | 1 | 1 | 1 | 1 |

	 Number of tests passed = 13

			 1 | 0 | 1 | 1 | 0 | 16 | 11 | 19 | 24 | 0 | 0 | 0 | 1 | 1 | 1 | 0 | 1 | 1 | 1 | 1 |

	 Number of tests passed = 14

			 1 | 0 | 1 | 1 | 0 | 12 | 14 | 17 | 22 | 0 | 0 | 0 | 0 | 1 | 1 | 1 | 1 | 1 | 1 | 1 |

	 Number of tests passed = 13

			 1 | 0 | 1 | 1 | 0 | 13 | 11 | 18 | 22 | 0 | 0 | 0 | 1 | 1 | 1 | 0 | 1 | 1 | 1 | 1 |

	 Number of tests passed = 15

			 1 | 0 | 1 | 1 | 0 | 17 | 12 | 17 | 24 | 0 | 0 | 0 | 1 | 1 | 1 | 1 | 1 | 1 | 1 | 1 |

	 Number of tests passed = 14

			 1 | 0 | 1 | 1 | 0 | 15 | 11 | 18 | 23 | 0 | 0 | 0 | 1 | 1 | 1 | 1 | 1 | 1 | 1 | 1 |


			The maximum number of tests passed : 15
			 1 | 0 | 1 | 1 | 0 | 13 | 12 | 17 | 23 | 0 | 0 | 0 | 1 | 1 | 1 | 1 | 1 | 1 | 1 | 1 |



