				 Number of tests passed = 16

			 1 | 0 | 1 | 1 | 1 | 18 | 19 | 26 | 27 | 1 | 1 | 0 | 1 | 1 | 1 | 0 | 1 | 1 | 1 | 1 |

	 Number of tests passed = 17

			 1 | 0 | 1 | 1 | 1 | 20 | 17 | 24 | 29 | 1 | 1 | 0 | 1 | 1 | 1 | 1 | 1 | 1 | 1 | 1 |

	 Number of tests passed = 16

			 1 | 0 | 1 | 1 | 1 | 20 | 17 | 25 | 29 | 1 | 1 | 0 | 1 | 1 | 1 | 1 | 1 | 1 | 0 | 1 |

	 Number of tests passed = 16

			 1 | 0 | 1 | 1 | 1 | 18 | 16 | 23 | 28 | 1 | 1 | 0 | 1 | 1 | 1 | 0 | 1 | 1 | 1 | 1 |

	 Number of tests passed = 16

			 1 | 0 | 1 | 1 | 1 | 19 | 20 | 22 | 30 | 1 | 1 | 0 | 1 | 1 | 1 | 0 | 1 | 1 | 1 | 1 |

	 Number of tests passed = 15

			 1 | 0 | 1 | 0 | 0 | 19 | 18 | 22 | 30 | 1 | 1 | 0 | 1 | 1 | 1 | 1 | 1 | 1 | 1 | 1 |

	 Number of tests passed = 16

			 1 | 0 | 1 | 1 | 1 | 20 | 19 | 22 | 29 | 1 | 1 | 0 | 1 | 1 | 1 | 1 | 1 | 1 | 1 | 0 |

	 Number of tests passed = 17

			 1 | 0 | 1 | 1 | 1 | 18 | 18 | 26 | 29 | 1 | 1 | 0 | 1 | 1 | 1 | 1 | 1 | 1 | 1 | 1 |

	 Number of tests passed = 14

			 0 | 0 | 1 | 1 | 1 | 17 | 17 | 22 | 31 | 1 | 1 | 0 | 1 | 1 | 1 | 1 | 1 | 1 | 0 | 0 |

	 Number of tests passed = 16

			 1 | 0 | 1 | 1 | 1 | 20 | 17 | 25 | 28 | 1 | 1 | 0 | 1 | 1 | 1 | 0 | 1 | 1 | 1 | 1 |

	 Number of tests passed = 17

			 1 | 0 | 1 | 1 | 1 | 19 | 17 | 24 | 29 | 1 | 1 | 0 | 1 | 1 | 1 | 1 | 1 | 1 | 1 | 1 |

	 Number of tests passed = 17

			 1 | 0 | 1 | 1 | 1 | 19 | 20 | 24 | 29 | 1 | 1 | 0 | 1 | 1 | 1 | 1 | 1 | 1 | 1 | 1 |

	 Number of tests passed = 17

			 1 | 0 | 1 | 1 | 1 | 19 | 18 | 21 | 30 | 1 | 1 | 0 | 1 | 1 | 1 | 1 | 1 | 1 | 1 | 1 |

	 Number of tests passed = 16

			 1 | 0 | 1 | 1 | 1 | 19 | 16 | 17 | 29 | 1 | 1 | 0 | 1 | 1 | 1 | 1 | 1 | 1 | 1 | 0 |

	 Number of tests passed = 14

			 1 | 0 | 1 | 1 | 1 | 19 | 19 | 24 | 29 | 0 | 1 | 0 | 1 | 1 | 0 | 0 | 1 | 1 | 1 | 1 |

	 Number of tests passed = 15

			 0 | 0 | 1 | 1 | 1 | 20 | 17 | 25 | 29 | 1 | 1 | 0 | 1 | 1 | 1 | 1 | 1 | 1 | 1 | 0 |

	 Number of tests passed = 17

			 1 | 0 | 1 | 1 | 1 | 20 | 20 | 23 | 28 | 1 | 1 | 0 | 1 | 1 | 1 | 1 | 1 | 1 | 1 | 1 |

	 Number of tests passed = 16

			 1 | 0 | 1 | 1 | 0 | 19 | 19 | 24 | 29 | 1 | 1 | 0 | 1 | 1 | 1 | 1 | 1 | 1 | 1 | 1 |

	 Number of tests passed = 16

			 1 | 0 | 1 | 1 | 0 | 17 | 16 | 22 | 30 | 1 | 1 | 0 | 1 | 1 | 1 | 1 | 1 | 1 | 1 | 1 |

	 Number of tests passed = 15

			 1 | 0 | 1 | 0 | 1 | 20 | 20 | 22 | 29 | 1 | 1 | 0 | 1 | 1 | 1 | 0 | 1 | 1 | 1 | 1 |


			The maximum number of tests passed : 17
			 1 | 0 | 1 | 1 | 1 | 20 | 17 | 24 | 29 | 1 | 1 | 0 | 1 | 1 | 1 | 1 | 1 | 1 | 1 | 1 |


