
				 Number of tests passed = 12

			 0 | 0 | 1 | 0 | 0 | 18 | 12 | 15 | 23 | 0 | 0 | 0 | 1 | 1 | 1 | 0 | 1 | 1 | 1 | 1 |

	 Number of tests passed = 15

			 1 | 0 | 1 | 1 | 0 | 15 | 12 | 16 | 23 | 0 | 0 | 0 | 1 | 1 | 1 | 1 | 1 | 1 | 1 | 1 |

	 Number of tests passed = 14

			 1 | 0 | 1 | 1 | 0 | 17 | 13 | 18 | 23 | 0 | 0 | 0 | 1 | 1 | 1 | 1 | 0 | 1 | 1 | 1 |

	 Number of tests passed = 13

			 1 | 0 | 1 | 1 | 0 | 17 | 11 | 17 | 24 | 0 | 0 | 0 | 1 | 1 | 1 | 0 | 1 | 1 | 1 | 1 |

	 Number of tests passed = 15

			 1 | 0 | 1 | 1 | 0 | 15 | 12 | 16 | 21 | 0 | 0 | 0 | 1 | 1 | 1 | 1 | 1 | 1 | 1 | 1 |

	 Number of tests passed = 14

			 1 | 0 | 1 | 1 | 0 | 18 | 12 | 18 | 23 | 0 | 0 | 0 | 1 | 1 | 1 | 1 | 1 | 0 | 1 | 1 |

	 Number of tests passed = 14

			 1 | 0 | 1 | 1 | 0 | 17 | 13 | 17 | 23 | 0 | 0 | 0 | 1 | 1 | 1 | 1 | 1 | 1 | 1 | 0 |

	 Number of tests passed = 14

			 0 | 0 | 1 | 1 | 0 | 15 | 12 | 17 | 24 | 0 | 0 | 0 | 1 | 1 | 1 | 1 | 1 | 1 | 1 | 1 |

	 Number of tests passed = 14

			 1 | 0 | 1 | 1 | 0 | 14 | 14 | 18 | 24 | 0 | 0 | 0 | 1 | 1 | 1 | 1 | 0 | 1 | 1 | 1 |

	 Number of tests passed = 14

			 1 | 0 | 1 | 1 | 0 | 12 | 10 | 19 | 25 | 0 | 0 | 0 | 1 | 1 | 1 | 1 | 1 | 1 | 1 | 1 |

	 Number of tests passed = 14

			 1 | 0 | 1 | 1 | 0 | 14 | 10 | 16 | 25 | 0 | 0 | 0 | 1 | 1 | 1 | 1 | 1 | 1 | 1 | 1 |

	 Number of tests passed = 14

			 1 | 0 | 1 | 1 | 0 | 17 | 11 | 15 | 22 | 0 | 0 | 0 | 1 | 1 | 1 | 1 | 1 | 1 | 1 | 1 |

	 Number of tests passed = 13

			 1 | 0 | 1 | 1 | 0 | 17 | 11 | 17 | 22 | 0 | 0 | 0 | 1 | 1 | 1 | 1 | 1 | 1 | 1 | 0 |

	 Number of tests passed = 14

			 1 | 0 | 1 | 0 | 0 | 15 | 12 | 20 | 25 | 0 | 0 | 0 | 1 | 1 | 1 | 1 | 1 | 1 | 1 | 1 |

	 Number of tests passed = 13

			 1 | 0 | 1 | 1 | 0 | 17 | 14 | 17 | 23 | 0 | 0 | 0 | 1 | 1 | 1 | 0 | 1 | 1 | 1 | 0 |

	 Number of tests passed = 11

			 1 | 0 | 1 | 1 | 0 | 14 | 11 | 14 | 23 | 0 | 0 | 0 | 1 | 0 | 1 | 1 | 0 | 0 | 1 | 1 |

	 Number of tests passed = 13

			 0 | 0 | 1 | 1 | 0 | 19 | 12 | 17 | 22 | 0 | 0 | 0 | 1 | 1 | 1 | 0 | 1 | 1 | 1 | 1 |

	 Number of tests passed = 15

			 1 | 0 | 1 | 1 | 0 | 15 | 12 | 17 | 25 | 0 | 0 | 0 | 1 | 1 | 1 | 1 | 1 | 1 | 1 | 1 |

	 Number of tests passed = 14

			 1 | 0 | 1 | 1 | 0 | 12 | 12 | 16 | 25 | 0 | 0 | 0 | 1 | 1 | 1 | 0 | 1 | 1 | 1 | 1 |

	 Number of tests passed = 13

			 1 | 0 | 0 | 1 | 0 | 17 | 12 | 16 | 23 | 0 | 0 | 0 | 1 | 1 | 1 | 0 | 1 | 1 | 1 | 1 |


			The maximum number of tests passed : 15
			 1 | 0 | 1 | 1 | 0 | 15 | 12 | 16 | 23 | 0 | 0 | 0 | 1 | 1 | 1 | 1 | 1 | 1 | 1 | 1 |



