901936735094	901936735094	11111111100111100110001101110110	1101000111111111100111100110001101110110

395815819967	395815819967	00101000011101100001101010111111

092135103007	92135103007	01110011101011100001101000011111

475456098815	475456098815	10110011011001000101000111111111

045584338036	45584338036	10011101000010011100110001110100

665823636057	665823636057	00000110001011100110101001011001

996643251625	996643251625	00001100100100010010010110101001	1110100000001100100100010010010110101001

902582045538	902582045538	00100110000101010000101101100010

231361765747	231361765747	11011110001111000110000101110011	11010111011110001111000110000101110011

488303605619	488303605619	10110001001010011011011101110011

w=12,index=32

----------------------------------------------------------------------

6103874204	6103874204	01101011110100011011101010011100	 101101011110100011011101010011100

3793125370	3793125370	11100010000101100111111111111010

7343681863	7343681863	10110101101101111011000101000111

2777638628	2777638628	10100101100011110110011011100100

2050563040	2050563040	01111010001110010001101111100000

8206661477	8206661477	11101001001001111011011101100101	11101001001001111011011101100101

4193865061	4193865061	11111001111110010100110101100101

6889342741	6889342741	10011010101000110000011100010101

1097635434	1097635434	01000001011011001001011001101010

7193505857	7193505857	10101100110001000011000001000001

w=10,index=32
-------------------------------------------------------------------------


