00000011100011001110100101001110
01110111000010111001101010010010
00000100111111101000111110001110
00111011100111100111100001010010
00101101111000010110110111001110
00101101100011111001111000010010
01101011010011101000010000001110
00011001110101100000101111010010
00011111001111101101001001001110
00010110100010001100000110010010
00000100100010110101100010001110
01011110110111101011111101010010
00010010111011010001011011001110
00101111001011110000010100010010
01100010111111010000110100001110
00100000111100001001001011010010
