0.2434520696391007099634862242965027689933776855468750000000000000
0.4339887060769807569649003653466934338212013244628906250000000000
0.2962955970541331085499336950306314975023269653320312500000000000
0.1073549201496306199077324095014773774892091751098632812500000000
0.0051132694364323444044528876872846012702211737632751464843750000
0.2574092809244546420366361871856497600674629211425781250000000000
0.4979741262500114173938925432594260200858116149902343750000000000
0.0159661511462102986835809304011490894481539726257324218750000000
0.3007826396033127513973681743664201349020004272460937500000000000
0.0276724232890811806806485861898181610740721225738525390625000000
