00001001011110000010001101110100
01111011011101001010111100000101
10101001001111011100001000001010
00011100011011000011100000010011
10100101001010110110010111110000
00110001011010110011101010110001
00111010010011110001010010100110
00010011000001011101101001011111
11011101001001010010011110101100
10111001001111111001111010011101
00011100101100011010110010000010
00111011000011000101001011101011
00001100011011101100010010101000
00011101111010011110011011001001
01100001011010000000010110011110
01110011110010110100110110110111
