0000000000000000000000000000000000000000000000000000000000000000
0000000000000000000000000000000000000000000000000000000000000000
0000000000000000000000000000000000000000000000000000000000000000
0000000000000000000000000000000000000000000000000000000000000000
0000000000000000000000000000000000000000000000000000000000000000
0000000000000000000000000000000000000000000000000000000000000000
0000000000000000000000000000000000000000000000000000000000000000
0000000000000000000000000000000000000000000000000000000000000000
0000000000000000000000000000000000000000000000000000000000000000
0000000000000000000000000000000000000000000000000000000000000000
0000000000000000000000000000000000000000000000000000000000000000
0000000000000000000000000000000000000000000000000000000000000000
0000000000000000000000000000000000000000000000000000000000000000
0000000000000000000000000000000000000000000000000000000000000000
1110011111000110101111110100011011001111010101111110111111110011
0000100010010011110100101110111101111000100001111110101101011101
1110011111000110101111110100011011001111010101111110111111110011
0000100010010011110100101110111101111000100001111110101101011101
1110011111000110101111110100011011001111010101111110111111110011
0000100010010011110100101110111101111000100001111110101101011101
1110011111000110101111110100011011001111010101111110111111110011
0000100010010011110100101110111101111000100001111110101101011101
1110011111000110101111110100011011001111010101111110111111110011
0000100010010011110100101110111101111000100001111110101101011101
1110011111000110101111110100011011001111010101111110111111110011
0000100010010011110100101110111101111000100001111110101101011101
1110011111000110101111110100011011001111010101111110111111110011
0000100010010011110100101110111101111000100001111110101101011101
1110011111000110101111110100011011001111010101111110111111110011
0000100010010011110100101110111101111000100001111110101101011101
0110001000101101100001111001100111001111110111111110011000000000
1100000110011010001101100101110001001011001101111011101111110011
1110101001011000101011111010000100111101100001100111010100110110
0000100010010011110100101110111101111000100001111110101101011101
0110001000101101100001111001100111001111110111111110011000000000
1100000110011010001101100101110001001011001101111011101111110011
1110101001011000101011111010000100111101100001100111010100110110
0000100010010011110100101110111101111000100001111110101101011101
0110001000101101100001111001100111001111110111111110011000000000
1100000110011010001101100101110001001011001101111011101111110011
1110101001011000101011111010000100111101100001100111010100110110
0000100010010011110100101110111101111000100001111110101101011101
0110001000101101100001111001100111001111110111111110011000000000
1100000110011010001101100101110001001011001101111011101111110011
1110101001011000101011111010000100111101100001100111010100110110
0000100010010011110100101110111101111000100001111110101101011101
0001010010000111101010111001101001001011011011111101100000111110
0111111001010011000101101111100101000100011111111111101101101010
0101000101010011100101110110111001101111000001010100010101011101
0010110100110010100100100001110100011101111101100001000111010110
0111001001111110000110011111000011101010011011100101111100000101
0110110001001111000011100111110100011011001111100010011001111001
1110101001011000101011111010000100111101100001100111010100110110
0000100010010011110100101110111101111000100001111110101101011101
0001010010000111101010111001101001001011011011111101100000111110
0111111001010011000101101111100101000100011111111111101101101010
0101000101010011100101110110111001101111000001010100010101011101
0010110100110010100100100001110100011101111101100001000111010110
0111001001111110000110011111000011101010011011100101111100000101
0110110001001111000011100111110100011011001111100010011001111001
1110101001011000101011111010000100111101100001100111010100110110
0000100010010011110100101110111101111000100001111110101101011101
1110000101100011110101110001111010001011001011111110011000000000
0000100010111100011110000101001111011101011010110100110110110101
1011111111011100110100010111111011011010010010101100010000010111
0110010111111111100100011100000101110000000011111100111111011001
0000001010111110001001010110111111011111101111001001010000010001
0110110001001111000011100111110100011011001111100010011001111001
1110101001011000101011111010000100111101100001100111010100110110
0000100010010011110100101110111101111000100001111110101101011101
1110000101100011110101110001111010001011001011111110011000000000
0000100010111100011110000101001111011101011010110100110110110101
1011111111011100110100010111111011011010010010101100010000010111
0110010111111111100100011100000101110000000011111100111111011001
0000001010111110001001010110111111011111101111001001010000010001
0110110001001111000011100111110100011011001111100010011001111001
1110101001011000101011111010000100111101100001100111010100110110
0000100010010011110100101110111101111000100001111110101101011101
0110001000001001101010011101001011011111001000000110111000111110
1001000010000011101010101001011110010000101110101011010010101000
1001111110000110111101010100100100011110111111001011000110101000
0001111100010000100000100000110000011011111000101000001011110011
1110001101011100100001100100000010010101000111010001110110100101
1010110100001110101001100101110100011111000111001000100110111101
1001101000010011111100000000110100010101111001100010001010101010
0111101110011001100001101011001011010100101001100001011110011001
0010010011111110110000100000111010010011111111111010110110100010
0000001110001001010111100101101011101100110110001110000011100100
1101111101000111101111101110001000101111000111000000001101100100
0001010101001010100001000111001000011100110000001001110011010111
0000001010111110001001010110111111011111101111001001010000010001
0110110001001111000011100111110100011011001111100010011001111001
1110101001011000101011111010000100111101100001100111010100110110
0000100010010011110100101110111101111000100001111110101101011101
0100111011110110010111110010000110010011111101111111100110000000
1011110110101001110101101011100101101101100110111110111111110011
1111111001110111110100001110011100001011001101010011011001110011
0001011011101010101011100010010000110000101101011101100111010100
0011101111101011001110111000110011011101111000010001110101001010
0010100001100001100011110001100010101110110011011110000110100010
0011100000100010001100100111010010010011011001001010110111010101
0111011101111101110111101011001000111011110110010110010101001110
1011011011000110101010110100001001101101110000101110011100011011
1100100010110011011110100011111100011001010010110010000110001000
0010110000100011000111110111000111010110111001010101000010011000
0001010101001010100001000111001000011100110000001001110011010111
0000001010111110001001010110111111011111101111001001010000010001
0110110001001111000011100111110100011011001111100010011001111001
1110101001011000101011111010000100111101100001100111010100110110
0000100010010011110100101110111101111000100001111110101101011101
0101011000101101011010000011010111111100000111111110100101110011
0000110100111011011000101001001111111010000010100000000000000000
0011000111110000000100011101001001010001111100111001111010000000
1101001100011011101101100100001011000000011001111111000010110101
1100110110010101111001101011010100100010110111011011001001010101
1010110110011110101000001110111010001010010111010110111011000111
1001101010010000010111010101101100100010000010100111000010101110
1001011111101100100011101000000101101001010000111111111111011111
1011000110100010010011010111001001000111011000101000001111010111
1000100011111100110011111100111110010010001101111001110110000110
0010110000100011000111110111000111010110111001010101000010011000
0001010101001010100001000111001000011100110000001001110011010111
0000001010111110001001010110111111011111101111001001010000010001
0110110001001111000011100111110100011011001111100010011001111001
1110101001011000101011111010000100111101100001100111010100110110
0000100010010011110100101110111101111000100001111110101101011101
0110001000101011011101101100111110011011111010101111100110000000
1000001001100010001011001110100000101000011101000011101011000000
0111111011011101101110011101100011100000001001111000011011111110
1011010001110110001010100000000100110101001110001110110001011011
1101001011011010000001110011110001000000100100110000111010100000
0111010001100111111111100001100111000010111001000111011100010101
0100000001101101000111010001100000101010010010111010111100111010
0010000001111010011111111011100100111011011001111001101101110011
1110011010101010011001110101101111111011101011110001111111101011
1000100011111100110011111100111110010010001101111001110110000110
0010110000100011000111110111000111010110111001010101000010011000
0001010101001010100001000111001000011100110000001001110011010111
0000001010111110001001010110111111011111101111001001010000010001
0110110001001111000011100111110100011011001111100010011001111001
1110101001011000101011111010000100111101100001100111010100110110
0000100010010011110100101110111101111000100001111110101101011101
0100101111010011111010001010010001010000010100000011001011010011
1111110100000110000110011010011101101001000010100100110100111101
1100001000001110110011100110111101011000001110001001100011011110
1110101011110001100000010111101100111111001001100101101100010001
1010001100000000111100101100010111001000101101110111110110000101
1001110111010110011100001000101101011010101000100100001011100010
0001111111010001011110101100011010100110000000100111000100001100
0111111100111101110010110001011010101011100011000000110101111011
1100001011010001101110000101111101011111101001110001100101101011
0010110000010110000010001001010101001010110110011110110010111011
1110100100100001110011010011110110111010111011111010001000011000
1000111111110111101000111001010111110100001000101110001110100010
0111011111111010101010010101001111010011110000100100111110010001
0100111011101000010011010100001101111010100001110011010001000100
1101001101010101110101000111000110110001011110011101100010110110
0111010101101111111001001001000001010111110100001111100100101000
1010100011010001100010110111011101011010111010111010011001100000
0110001100011010001100100110101010001001101011111100000010011110
1111000110011011001001010101100100000001001000100101110111001101
1101010100100010010011001111001111000011101001010101010011111011
1111001010110000001001011111001000010001000101111110011101110001
1001000111000100100101011011100011100000000011100010110111101111
1111111101111111000111011110011100101001110100101010101111100101
0010011001010100101000010101001110011111101110000001111011111110
0000010110110101001111111010111011101110000001111100001100110011
1000110001110101011011100011001100011010011010001100111111110011
1011101011001110111111100011000110001101111010110000111001001010
1100010001011101110001110011110000100111111111101100010111001111
1100001000001110101110010010000111001101010000010001010101111001
1001001011011101111001000101000111101001110001111000011011001100
1100011010001010101101010011100100110011101101010000000000010100
0000001100101001001011000101000010010101001100110101010001010101
0011111001111001101101100000101100011101000100011111100111010110
0011000101010011000011101000110000001001100010011111101000110111
1101101011100101111101100000001011100101101001011100110010101111
0011110001000111100101111010011000100001011111111001011001001110
0100110001010011111100010101101011010000001101101101001011110010
0011000011000001111100100001101110011010110111000000111000000001
0010110011111000101110100100110111000110100111110100001100000011
0110110011001001010011110110011011111010010100010110001110001011
0010110110101001010000000001010001110001001011100010110100110111
1011100101001101101101011000111100111111000111000111001110010011
1011010111101100001010100001010001110011101110001110010101001001
0001100000100101001100111001111001001001100011000011001011100110
0000011110110000101000000111010000111110001011110001011101101000
0101011101100101101110101011001011100111100111101101001010011000
1110101000000100101010100001110100010111010001100001010011001010
0001011010010011000010000111001100010000001001100100100110111000
1011110000011010000010111010110101010011101000110110001000101100
0110000100101101110001000110100101001010101101011001011010101000
1011010110101011110000000011011100000010000101010101010000010000
1111011111100110010111111001011000000010010001001111111101110110
0001100111011110001100111111111111111010100111100011111101011100
0111111011000110101000111001100011100011010111011011111101010110
1001101111100110011110010010101100010110101010010111001110001110
0110010000100011111001101101100101010110011100011101001111110011
1100100011101101010111001100010000110001000100010101011100101110
0011011100100100110011000111100110100000111010011010111101110000
1010000110111110010110001000111000001011101010000100000111101110
0010010111100101111110011010001101110011000001110111101111101010
0011100111010111101100011011101011010110110100111111111000001011
0000100010100101010101111011101011001101111100101001100000010111
0101000100110111100110111010101000011110100011110101010010111111
0100000000000000001010101100100111100001010001010000011101100000
0000101101101011001110010100101101101011111101010000010011000011
0001001001101000111110111111101011100100010010101111101111101110
0011110011001010001110001001010100101010001110110001010111000011
1110011101000000101100011001011110110001111001111101110111111101
1011010001100010001001110101110010011010000011101100011011001100
0010001010101000010100010000101111100001011010101110100000000001
1010000011010001010100101000100001001111001000100001101110000010
1001011000000000000110011111000111100101100101011101010011111100
0100010110110000010101111110111100100101001100101000110110000100
0101101001001000100011101110100110001001000101100110110000101110
0110000011000010101101011011101000101110101101110010110111000101
0000111110010011000001000111100011010100001010010001111101001100
1000000100100000100011010111110100000110110010011110110000111100
0010110100011000110011010001011100101001000011011101100110110111
0110111100111100100100001010111011011011010001010000011111111100
0010000011010101111010001101101000010101110011111000100010001000
1111110101010001010000011000010001011010011011111100000100010000
0000010110100110100001001100110010010100010000111110001100000000
1011101110000110111101110110000101000110111110010001011110100110
1010110111111110101011010101000011101110001001110010101101110100
1111100001000010000000001000110100000001110100110110011111110111
0111010010101001011010001101011011001001001110001100001000110100
0100100110101010000010100001100111100101100000101101101001111101
1001010010001011001010110111101101001010101011001111111011111000
0111011011100000101110101001001110011011100011111110011011001000
1100011011110011000110110100111001100010101111100111000100110000
0000100101011111011000100001011010100111110010010011010001000001
1111001100000110110100101001111010110100101111011010000010011010
1000100011101111101110011001101000010100011000011101010010101010
1000000011110100100010101100101010011011011010101001000001000100
0100110000101111111011001101010100110101011011001101111001011111
0111111001100100111110101110111000001001111110101101111011101011
0000001100100110111001010011100001111000000111101000101001011100
1100010111111110001111111010110101010011100111000111101101010001
1000011000100111100100000001111100010110110000100001111011000110
1011101001001100100100011100010110011010010001110000000100001101
0110101111101001011010101110000111001010011111100101100001110010
0111111000100111000100100110100111101000010101001110011110011111
0000010001000010011100110111100101001101101100100111110000011000
0010001000011010110011111101111011011011101100111110110011010001
0101010010010001011000101001011001011010111101111000010000101010
1011001111101110011001100001001011101111110001011110011010010011
1000111100000001001011010011100000001011110100111110011100001101
0000111101100001011101010101111101111000011111010000110000011001
